# Document with the sample ids and the antimicrobials that have been tested with
sample_ID	ampicillin	cefepime	cefotaxime	ceftazidime	chloramphenicol	ciprofloxacin	ertapenem	erythromycin	gentamicin	imipenem	linezolid	meropenem	nalidixic acid	tetracycline	tigecycline	vancomycin
GC1	32	12	16		24	4	0.094		1				256	16
GC10	32	256	64	64	16	4	0.25		16				256	16
GC100	32	16	64	16	12	4	0.125		1				256	16
GC101	32	48	64	16	24	4	0.094		16				256	16
GC102	32	48	64	16	24	4	0.047		1				256	1
GC103	32	32	64	4	256	4	0.094		16				256	16
GC104	32	48	64	16	46	4	0.047		16				256	16
GC105	32	48	64	4	12	4	0.094		1				256	16
GC106	32	128	64	16	256	2	0.38		16				256	16
GC107	32	64	64		12	4	0.25		16				256	16
GC108	32	48	64		16	4	0.125		16				256	16
GC109	32	256	64	16	12	4	0.064		16				256	16
GC11	32	24	64	16	12	4	0.047		16				256	16
GC110	32	256	64	64	64	4	3		16				256	16
GC111	32	32	64	4	24	4	0.25		1				256	16
GC112	32	24	64	16	256	4	0.023		16				256	16
GC113	32	16	64	4	256	4	0.125		16				256	16
GC114	32	12	8		256	4	0.032		1				256	16
GC115	32	16	32	4	256	4	0.047		1				256	16
GC116	32	24	64	16	256	4	0.047		16				256	16
GC117	32	24	64	64	16	4	2		16				256	16
GC118	32	256	64	16	24	4	0.032		16				256	16
GC119	32	16	64	16	24	4	0.047		1				256	16
GC12	32	48	64	4	24	4	0.125		16				256	16
GC120	32	12	8		24		0.047		1				4	16
GC121	32	48	64	4	16	4	0.047		1				256	16
GC122	32	32	64		12		0.19		1				3	16
GC123	32	64	64	24	12		0.38		1				256	1
GC124	32	64	64	16	24	4	0.125		16				256	16
GC125	32	16	8	4	16		0.047		1				6	1
GC126	32	48	64	16	256	4	0.38		16				256	16
GC127	32	48	64	16	24	4	0.38		16				256	16
GC128	32	32	32	16	12	4	0.064		16				256	16
GC129			64	4		1			1	0.25					0.5
GC13	32	256	64	64	12	4	0.25		16				256	16
GC130			64	16		4			16	0.25					1
GC131			32	4					1	0.25					0.5
GC132			64	2					1	0.25					0.5
GC133			64	16		4			1	0.25					0.5
GC134			64	4		4			16	0.25					0.5
GC135			64	4		4			16	0.25					0.5
GC136			64	8		4			1	0.25					0.5
GC137			64	16					1	0.25					0.5
GC138			64	4		4			1	0.25					2
GC139			64	4		4			1	0.25					0.5
GC14	32	48	64	16	32	4	0.094		16				256	16
GC140			64	16		4			16	0.25					0.5
GC142	1000000	1000000	1000000	1000000		1000000			0
GC143			8						1	0.25					0.5
GC144			64	16		4			1	0.25					0.5
GC145			8						1	0.25					0.5
GC146			64	16		4			1	0.25					0.5
GC147			16	2					1	0.25					0.5
GC148			64						1	0.25					0.5
GC149			8	16					1	0.25					0.5
GC15	32	48	64	16	16		0.094		16				8	16
GC150			64	16		4			1	0.25					0.5
GC151			64	16		4			16	0.25					0.5
GC152			8			0.5			16	0.25					0.5
GC153			64	4		4			1	0.25					0.5
GC154			64	16		4			16	0.25					0.5
GC155			64	16		4			1	0.25					0.5
GC156			1000000						1000000						0
GC157			4						1	0.25					0.5
GC158			64	4					1	0.25					0.5
GC159			64	4		4			1	0.25					0.5
GC16	32	128	64	16	16	4	0.064		2				256	16
GC160			64	4		4			16	0.25					0.5
GC161			64	16		4			1	0.25					0.5
GC162			64						1	0.25					0.5
GC163			64	16		4			1	0.25					0.5
GC164			64	16		4			1	0.25					0.5
GC165			64						1	0.25					0.5
GC166			64			4			1	0.25					0.5
GC167			64	2		0.5			1	0.25					0.5
GC168			64	16		4			16	0.25					0.5
GC169			64	64		0.5			1	0.25					0.5
GC17	32	16	32	16	16	0.5	0.047		1				256	16
GC170			64						1	0.25					0.5
GC171			64			4			16	0.25					0.5
GC173			64	2		4			16	0.25					0.5
GC174			64						1	0.25					0.5
GC175			64	4		0.5			1	0.25
GC176			64	4		4			1	0.25					0.5
GC177			64	64		4			16	0.25					0.5
GC178			64	4		0.5			1	0.25					0.5
GC179			64	16		4			16	0.25					0.5
GC18	32	32	64	16	16		0.064		1				6	16
GC180			64	16		4			16	0.5					0.5
GC181			64	16					1	0.25					0.5
GC182			64	16		4			16	0.25					0.5
GC183			64	4					16	0.25					0.5
GC184				2					1	0.25					0.5
GC185			64	16		4			16	0.25					0.5
GC186			16	16		4			1	0.25					0.5
GC187			64						1	0.25					0.5
GC188			64	16		2			1	0.25					0.5
GC189			8						1	0.25
GC19	32	32	64	4	256	4	0.064		1				256	16
GC190			64	16		4			1	0.25					0.5
GC192			64	64					1	0.25					0.5
GC193			4			4			1	0.25					0.5
GC194			64	64		4			16	0.25					0.5
GC195			64	16		4			16	0.25					0.5
GC196			64	16		4			16	0.25					0.5
GC197			64	16		4			16	0.25					0.5
GC198			64	16		4			1	0.25					0.5
GC199			64	64		4			16	0.25					0.5
GC2	32	24	32	4	16	4	0.094		16				256	16
GC20	32	32	64	2	16	0.5	0.094		1				256	16
GC201			64	16		4			1	0.25
GC203						1000000			1000000						0
GC204			64	64		4			1	0.25
GC205			8						1	0.25
GC206			64	16		4			16	0.25
GC207			64			2			1	0.25
GC208									1	0.25					0.5
GC209			64			2			1	0.25
GC21	32	64	64	16	256		0.25		1				6	16
GC210				4		4			1	0.25
GC211			64	16		4			1	0.25
GC212			8			4			1	0.25
GC213			1000000			1000000			0						0
GC214			64	4						0.25
GC215			1000000			1000000			0						0
GC216			64			4			1	0.25
GC217			1000000						0						0
GC218			64	16		4			1	0.25					0.5
GC219			64	8		4			1	0.25
GC22	32	64	64	16	12	4	0.094		16				256	16
GC220			8			4			1	0.25
GC221			64	16		4			16	0.25
GC222			64	64		4			1	0.25
GC223			4			4			1	0.25
GC224			16			4			2	0.25
GC225			64	16		4			1	0.25
GC226			16			4			1	0.25
GC227				16					1	0.25
GC228			64	4					1	0.25
GC229			64	2		4			1	0.25
GC23	32	32	64	16	12	4	0.064		16				256	16
GC230			64	64		4			4	16		4
GC231			64						1	0.25
GC232			64						1	0.25
GC233			16						1	0.25
GC234			8						16	0.25
GC235			64	16		0.5			16	0.25
GC236			32	16		0.5			16	0.25
GC237			64	16		4			16	0.25
GC238			64	16		4			1	0.25
GC239			64	16		4			1	0.25
GC24	32	32	64	16	24	4	0.094		16				256	16
GC240			64	4		4			1	0.25
GC241			64	16		0.5			16	0.25
GC242			64						1	0.25
GC243			64	4					1	0.25
GC244			64	16		0.5			16	0.25
GC245			4	16		1			16	0.25
GC246			64	16					1	0.25
GC247			64			4			1	0.25
GC248			64	16		4			1	0.25
GC25	32	256	64	64	16	4	0.5		16				256	16
GC250			8						1	0.25
GC251			64	16		4			1	0.25
GC252			64	16		4			1	0.25
GC253			64	2		4			16	0.25
GC254			64	4		2			1	0.25
GC255			64	64		4	4		1	0.25
GC256			64			1			1	0.25
GC257			64	64		4	2		1	0.25
GC258
GC259			1000000	1000000		1000000			0						0
GC26	32	64	64	16	12	4	0.094		16				256	16
GC260			1000000			1000000			0						0
GC261			1000000			1000000			0						0
GC262			1000000			1000000			0						0
GC263			1000000						0						0
GC264			1000000	1000000		1000000			1000000						0
GC265			1000000	1000000		1000000			0						0
GC266			64	16		8			16	0.25					0.5
GC267			1000000			1000000			1000000						0
GC268			1000000	1000000		1000000			0						0
GC269			1000000			1000000			0						0
GC27	32	16	64	4	12		0.094		1				6	16
GC270						1000000			0						0
GC271			1000000	1000000					0						0
GC272			1000000	1000000					0						0
GC273						1000000			1000000						0
GC274			1000000						1000000						0
GC275				4					1	0.25					0.5
GC276			1000000	1000000					1000000						0
GC277			1000000	1000000		1000000			0						0
GC278			1000000			1000000			0						0
GC279			1000000			1000000			0						0
GC28	32	96	64	8	6	4	0.75		1				256	16
GC280			1000000			1000000			0						0
GC281			64	16					1	0.25					0.5
GC283			1000000			1000000			0						0
GC284			1000000						0						0
GC285			1000000	1000000		1000000			1000000						0
GC286			1000000			1000000			0						0
GC287			1000000	1000000		1000000			0						0
GC288			1000000	1000000		1000000			1000000						0
GC289			1000000			1000000			0						0
GC29	32	64	64	16	12	4	0.094		16				256	16
GC290			4			8			16	0.25					0.5
GC291			1000000						0						0
GC292						16			16	0.25					0.5
GC293			64	4					1	0.25					0.5
GC294			1000000			1000000			0
GC295			8						1	0.25					1
GC296			64	4		8			16	0.25					0.5
GC297			8	64					1	0.25					0.5
GC298			64	16					1	0.25					0.5
GC299			64	4					1	0.25					0.5
GC3	32	16	64		24		0.094		1				4	1
GC30	32	12	64	4	16	4	0.064		16				256	1
GC300			64						1	0.25					0.5
GC302			1000000	1000000											0
GC303									1	0.25					0.5
GC304			1000000			1000000			0						0
GC305			64	4					1	0.25					0.5
GC306			64	16					1	0.25					0.5
GC307			1000000			1000000			1000000						0
GC308			64	8					1	0.25					0.5
GC309			64						1	0.25					0.5
GC31	32	64	64	16	12	4	0.25		16				256	16
GC310			64	4					1	0.25					0.5
GC311			64	16					1	0.25					0.5
GC312				2					1	0.25					0.5
GC313			64	4					1	0.25					0.5
GC314			64	16					1	0.25					0.5
GC315			64	4					1	0.25					0.5
GC316			64	64		16			1	0.25					0.5
GC317			8						1	0.25					0.5
GC318			64	16		16			16	0.25					0.5
GC319			64	16					1	0.25					0.5
GC32	32	48	64		256	4	0.125		1				256	16
GC320			64	16		16			16	0.25					0.5
GC322			64	64		8			16	0.25					0.5
GC323	32	64	16	16		4	8		16	16		16			0.5
GC33	32	16	64		256	4	0.047		1				256	16
GC34	32	256	64	64	32		1.5		1				4	2
GC35	32	16	64	16	12	4	0.032		16				256	16
GC36	32	48	64	4	6		0.094		1				4	1
GC37	32	32	64	16	16	4	0.094		1				256	16
GC38	32	48	64	4	6		0.094		1				2	16
GC39	32	8	16		256	4	0.047		1				256	16
GC4	32	8	64	4	12	4	0.023		1				256	16
GC40	32	32	64	32	24	4	0.064		1				256	16
GC41						1000000			1000000						0
GC413	32					4			1	0.25					0.5
GC414	32		64	4					1	0.25					0.5
GC415	32		8	4		4			16	0.25					0.5
GC418	32		16	2					1	0.25					0.5
GC42	32	8	8		24	1	0.047		16				256	16
GC421	32					4			1	0.25					0.5
GC422	32					4			1	0.25					0.5
GC423	32		64	16					1	0.25					0.5
GC424	32					4			1	0.25					2
GC425	32					4			1	0.25					2
GC426	32					4			1	0.25					0.5
GC427	32		64	4		4			1	0.25					0.5
GC428	32		64			4			1	0.25					0.5
GC429	32		64						16	0.25					0.5
GC43	32	24	64	4	24		0.064		1				256	16
GC430	32		64	16		4			1	0.25					0.5
GC432	32			4		4			1	0.25					0.5
GC434	32		64	16		4			1	0.25					0.5
GC435	32		32	16		4			16	0.5					0.5
GC436	32		64	4		4			1	0.25					0.5
GC437	32		64	16		4			16	0.5					0.5
GC44	32	24	64	2	24	0.5	0.064		1				256	1
GC441	32		64	4					16	0.25				16
GC442	32		64	4					1	0.25				1
GC443	32		64	4					1	0.25				16
GC444	32		4						1					16
GC445	32		64	64		4			16					16
GC446	32		64	16		4			16	0.25				16
GC447	32		64	64		4			16	0.25				16
GC448	32		64	16		4			1	0.25				16
GC449	32		64	16		4			1	0.25				16
GC45	32	32	32	2	32	0.5	0.064		1				256	2
GC450	32		64	16					16	0.25				16
GC451	32		64	16		4			1	0.25				2
GC452	32		64	16		4			1	0.25				2
GC453	32		64	16		4			1					16
GC454	32		64	16		4			1					16
GC455	32		8						1					1
GC456	32		8	4		4			1	0.25				16
GC457	32		64			4			1	0.25				16
GC458	32		2	2		4			1	0.25				16
GC459	32		64	2					1					16
GC46	32	16	64	4	24	0.5	0.064		16				256	16
GC460	32		64	16		4			1					16
GC461	32		64	16		4			1					16
GC462	32		64	16		4			1					16
GC463	32		64	16		4			1					16
GC464	32		64	16		4			1					16
GC465	32		64	16		4			1					16
GC466	32		64	16		4			1					16
GC467	32		64	16		4			1					16
GC468	32		64	16		4			1	0.25				16
GC469	32		64	16		4			1	0.25				16
GC47	32	48	32		32	4	0.064		1				256	1
GC470	32		64	8		4			1	0.25				16
GC471			32	16		4			1	0.25
GC472	32		64	4		4			1	0.25				16
GC473	32		64	2		1			1					16
GC474	32		2	16		4			1					16
GC475	32		4	16		1			1					16
GC476	32		64						1	0.25				16
GC477	32		16						1	0.25				16
GC478	32		64	4					1	0.25				16
GC479	32		64	2		4			1	0.25				16
GC48	32	96	64	64	16	4	0.38		1				256	1
GC480	32		64	4		4			1	0.25				16
GC481	32		64	4		4			1	0.25				16
GC482	32		64	16		4			1					16
GC483	32		64	64		4			1					16
GC484	32		16			4			1	0.25				16
GC485	32		8			0.5			1	0.25				1
GC487			64			4			1	0.25
GC489			64	4					1	0.25
GC49	32	128	64	64	24	4	0.19		1				256	1
GC491	1000000	1000000	1000000	1000000	0	1000000			0
GC492	1000000	1000000	1000000	1000000	0	1000000			0
GC493	1000000	1000000	1000000	1000000		1000000			1000000
GC494	1000000	1000000	1000000	1000000	0	1000000			0
GC495	1000000	1000000	1000000	1000000		1000000			1000000
GC496	1000000	1000000	1000000	1000000		1000000			1000000
GC497	1000000	1000000	1000000	1000000		1000000			1000000
GC498	1000000		1000000	1000000		1000000			1000000
GC499	1000000		1000000	1000000		1000000			1000000
GC5	32	48	64	2	16	0.5	0.064		1				256	16
GC50	32	256	64	64	256	4	1.5		16				256	16
GC500	1000000	1000000	1000000	1000000		1000000			1000000
GC51	32	256	64	4	256		0.38		1				8	16
GC52	32	12	8		12	4	0.125		1				256	16
GC53	32	24	64	16	12	4	0.125		16				256	16
GC54	32	64	64	16	24	4	0.19		16				256	16
GC55	32	12	8		16		0.047		1				4	1
GC56	32	24	64	2	12		0.064		1				6	1
GC57	32	48	64	4	32	1	0.19		16				256	1
GC58	32	32	64	16	16		0.064		1				4	16
GC59	32	64	64	16	16	4	0.25		1				256	16
GC6	32	48	64	4	12		0.064		1				4	16
GC60	32	24	64	16	256	4	0.094		16				256	1
GC61	32	24	64	2	16	0.5	0.064		1				256	1
GC62	32	32	64	4	256		0.064		1				6	16
GC63	32	16	16		16	4	0.094		16				256	16
GC64	32	4	8		16	4	0.032		1				256	1
GC65	32	24	64		16		0.064		1				6	1
GC66	32	8	64		24		0.094		1				4	1
GC67	32	8	8		256		0.032		1				4	1
GC68	32	16	64	16	16	4	0.047		1				256	1
GC69	32	16	8	2	24	4	0.047		1				256	16
GC7	32	24	64	4	16	4	0.032		1				256	16
GC70	32	12	8	2	12	4	0.023		16				256	16
GC71	32	24	8		16	4	0.047		1				256	16
GC72	32	32	64	16	24	4	0.047		8				256	16
GC73	32	12	64	16	16	4	0.064		16				256	16
GC74	32	16	64	16	6	4	0.064		1				256	16
GC75	32	6	32	4	24	4	0.047		1				256	16
GC76	32	48	64	4	256	4	0.094		16				256	16
GC77	32	6	16	16	256	4	0.064		1				256	16
GC78	32	12	16		256		0.032		16				3	16
GC79	32	16	64	2	12		0.064		16				4	1
GC8	32	16	64	4	256	4	0.032		1				256	16
GC80	32	24	64	2	12		0.064		16				4	1
GC81	32	12	16		6		0.032		1				256	16
GC82	32	24	64	16	12		0.047		1				6	16
GC83	32	24	64	16	16	4	0.047		1				256	16
GC84	32	32	8	4	16		0.094		16				256	2
GC85	32	64	64	64	256	4	0.5		16				256	16
GC86	32	16	64		12		0.064		16				4	16
GC87	32	6	8	4	256		0.094		16				256	16
GC88	32	12	64	16	12	4	0.047		1				256	16
GC89	32	24	64	16	256	4	0.047		16				256	16
GC9	32	32	64	64	12	4	0.064		16				256	16
GC90	32	12	8		12		0.064		16				4	1
GC91	32	24	64	16	256	4	0.125		16				256	16
GC92	32	12	64	16	16	4	0.047		1				256	1
GC93	32	8	8		256	4	0.047		1				256	16
GC94	32	16	64	16	24	4	0.047		16				256	16
GC95	32	12	8	2	256		0.064		16				4	16
GC96	32	16	64	16	256		0.047		16				256	16
GC97	32	12	64	16	256		0.094		16				256	16
GC98	32	12	8		32		0.032		1				8	1
GC99	32	16	64	4	256	4	0.064		8				256	16
UW16292	32				8	32		16			2			0.5		16
UW16174	32				8	32		16			2			16		16
UW16312	32				8	32		16	1024		2			4		16
UW16455	32				16	32		16	1024		2			8		16
UW16069	32				16	32		16			2			0.5		16
UW16071	32				8	32		16			2			16		16
UW16072	32				8	32		16			2			0.5		16
UW16075	32				32	32		16			2			16		16
UW16257	32				8	32		16			4			1		16
UW16315	32				8	32		16			2			16		16
UW16369	32				32	32		16			2			16		1
UW16372	32				8	32		16			2			16		1
UW16637	32				16	32		16			32			16		16
UW16701	32				16	32		16			32			0.5		1
UW16391	32				16	32		16	256		2			16		16
UW16488	32				16	32		16	256		2			16		16
UW16530	32				16	32		16	128		2			16		16
UW16548	32				16	32		16	1024		2			16		16
UW16552	32				16	32		16	128		2			16		16
UW16648	32				16	32		16	128		2			16		1
UW16422	32				4	32		16	1024		2			8		16
UW15884	32				16	32		16			2			0.5		1
UW16060	32				8	32		16			2			0.5		16
UW16116	32				8	32		16			2			0.5		16
UW16158	32				8	32		16			2			0.5		16
UW16209	32				8	32		16			2			0.5		16
UW16226	32				16	32		16			4			0.5		16
UW16246	32				8	32		16			4			16		16
UW16271	32				8	32		16			2			0.5		16
UW16354	32				16	32		16			4			1		16
UW16356	32				4	32		16			2			0.5		16
UW16360	32				4	32		16			2			0.5		1
UW16371	32				8	32		16			2			0.5		1
UW16394	32				8	32		16			2			0.5		16
UW16402	32				8	32		16			2			0.5		16
UW16407	32				8	32		16			2			0.5		16
UW16408	32				8	32		16			2			0.5		16
UW16446	32				4	32		16			2			16		16
UW16467	32				8	32		16			2			16		16
UW16512	32				8	32		16			4			0.5		16
UW16532	32				8	32		16			2			0.5		16
UW16540	32				4	32		8			2			16		16
UW16587	32				4	32		16			2			2		16
UW16649	32				4	32		16			2			16		16
UW16685	32				4	32		16			2			0.5		16
UW16736	32				4	32		16			2			0.5		16
UW15991	32				16	32		16	1024		4			1		16
UW16300	32				8	32		16	1024		2			0.5		1
UW16370	32				8	32		16	1024		2			16		1
UW16425	32				4	32		16	1024		2			16		1
