# Document with the sample ids and the antimicrobials that have been tested with
sample_ID	ampicillin	cefepime	cefotaxime	cefoxitin	ceftazidime	chloramphenicol	ciprofloxacin	clindamycin	colistin	ertapenem	erythromycin	gentamicin	imipenem	linezolid	meropenem	nalidixic acid	sulfamethoxazole	tetracycline	trimethoprim
821-PRJ1111-Escherischia-coli_36016028160_S2	64.0	0.5	16.0	64	16.0	8.0	0.5		1.0	0.125		0.5	0.25		0.03	128.0	8.0	2.0	0.25
849-PRJ1111-Escherischia-coli_36016048387_S30	64.0	0.125	8.0	64	8.0	8.0	0.5		1.0	0.03		1.0	0.125		0.03	128.0	8.0	2.0	0.25
776-PRJ1111-Escherischia-coli_52816027655_S8	64.0	0.25	8.0	64	8.0	8.0	0.015		1.0	0.03		0.5	0.25		0.03	4.0	512.0	64.0	32.0
780-PRJ1111-Escherischia-coli_52816027662_S12	64.0	0.25	16.0	64	8.0	32.0	0.25		1.0	0.03		0.5	0.25		0.03	128.0	1024.0	2.0	0.25
782-PRJ1111-Escherischia-coli_52816029133_S14	64.0	0.25	16.0	64	8.0	8.0	0.015		1.0	0.06		1.0	0.25		0.03	4.0	1024.0	32.0	32.0
787-PRJ1111-Escherischia-coli_52816036861_S19	64.0	0.25	8.0	32	8.0	8.0	0.015		1.0	0.03		0.5	0.25		0.03	4.0	8.0	2.0	0.25
788-PRJ1111-Escherischia-coli_52816036862_S20	64.0	0.25	8.0	64	8.0	8.0	0.03		1.0	0.03		0.5	0.25		0.03	4.0	8.0	2.0	0.25
793-PRJ1111-Escherischia-coli_52816041472_S25	64.0	0.25	8.0	64	8.0	8.0	0.015		1.0	0.03		32.0	0.25		0.03	4.0	1024.0	64.0	0.25
794-PRJ1111-Escherischia-coli_52816041474_S26	64.0	0.25	8.0	64	8.0	8.0	0.015		1.0	0.03		16.0	0.25		0.03	4.0	1024.0	64.0	0.25
796-PRJ1111-Escherischia-coli_52816053324_S28	64.0	0.25	8.0	32	8.0	8.0	0.015		1.0	0.03		32.0	0.25		0.03	4.0	1024.0	64.0	0.25
797-PRJ1111-Escherischia-coli_52816053325_S29	64.0	0.25	8.0	64	8.0	8.0	0.015		1.0	0.03		0.5	0.125		0.03	4.0	8.0	64.0	0.25
800-PRJ1111-Escherischia-coli_52816061041_S32	64.0	0.25	8.0	64	8.0	8.0	0.015		1.0	0.03		0.5	0.25		0.03	4.0	1024.0	2.0	32.0
819-PRJ1111-Escherischia-coli_36016028117_S41	64.0	0.25	8.0	64	16.0	8.0	0.5		1.0	0.06		0.5	0.25		0.03	128.0	8.0	2.0	0.25
820-PRJ1111-Escherischia-coli_36016028159_S1	64.0	0.25	8.0	32	8.0	8.0	0.015		1.0	0.03		16.0	0.25		0.03	4.0	1024.0	2.0	0.25
823-PRJ1111-Escherischia-coli_36016032964_S4	64.0	0.25	8.0	64	8.0	8.0	0.015		1.0	0.06		0.5	0.25		0.03	4.0	1024.0	64.0	0.25
826-PRJ1111-Escherischia-coli_36016033521_S7	64.0	0.25	8.0	32	8.0	8.0	0.015		1.0	0.03		32.0	0.25		0.03	4.0	1024.0	2.0	0.25
830-PRJ1111-Escherischia-coli_36016034626_S11	64.0	0.25	8.0	64	8.0	8.0	0.015		1.0	0.03		0.5	0.25		0.03	4.0	1024.0	64.0	0.25
836-PRJ1111-Escherischia-coli_36016039256_S17	64.0	0.25	8.0	64	8.0	8.0	0.015		1.0	0.03		32.0	0.25		0.03	4.0	1024.0	64.0	0.25
844-PRJ1111-Escherischia-coli_36016041211_S25	64.0	0.25	8.0	32	8.0	8.0	0.015		1.0	0.03		16.0	0.25		0.03	4.0	1024.0	64.0	0.25
850-PRJ1111-Escherischia-coli_36016048392_S31	64.0	0.25	8.0	32	16.0	8.0	0.015		1.0	0.03		16.0	0.25		0.03	4.0	1024.0	64.0	0.25
851-PRJ1111-Escherischia-coli_36016048589_S32	64.0	0.25	8.0	32	8.0	8.0	0.015		1.0	0.03		16.0	0.25		0.03	4.0	1024.0	32.0	0.25
855-PRJ1111-Escherischia-coli_36016049447_S36	64.0	0.25	32.0	64	16.0	8.0	0.015		1.0	0.06		0.5	0.25		0.03	4.0	8.0	2.0	0.25
858-PRJ1111-Escherischia-coli_36016057231_S39	64.0	0.25	4.0	64	16.0	64.0	0.015		1.0	0.03		32.0	0.25		0.03	4.0	1024.0	64.0	0.25
859-PRJ1111-Escherischia-coli_36016058421_S40	64.0	0.25	8.0	64	8.0	8.0	0.015		1.0	0.06		32.0	0.25		0.03	4.0	1024.0	64.0	0.25
860-PRJ1111-Escherischia-coli_36016058443_S41	64.0	0.25	8.0	32	8.0	8.0	0.015		1.0	0.03		16.0	0.25		0.03	4.0	1024.0	64.0	0.25
861-PRJ1111-Escherischia-coli_36016058507_S42	64.0	0.25	8.0	32	8.0	8.0	0.015		1.0	0.03		16.0	0.25		0.03	4.0	1024.0	64.0	0.25
863-PRJ1111-Escherischia-coli_36016063994_S44	64.0	0.25	4.0	32	4.0	8.0	0.25		1.0	0.015		32.0	0.25		0.03	128.0	1024.0	2.0	0.25
866-PRJ1111-Escherischia-coli_36016040465_S47	64.0	0.5	16.0	64	8.0	8.0	0.015		1.0	0.06		1.0	0.5		0.03	4.0	1024.0	64.0	32.0
773-PRJ1111-Escherischia-coli_52816021227_S5	64.0	0.125	1.0	32	2.0	8.0	0.125		1.0	0.03		0.5	0.25		0.06	64.0	8.0	64.0	0.25
779-PRJ1111-Escherischia-coli_52816027661_S11	64.0	0.125	1.0	64	2.0	8.0	0.125		1.0	0.03		0.5	0.25		0.03	64.0	8.0	64.0	0.25
781-PRJ1111-Escherischia-coli_52816029131_S13	64.0	0.125	1.0	32	2.0	8.0	0.125		1.0	0.03		0.5	0.25		0.03	128.0	8.0	64.0	0.25
785-PRJ1111-Escherischia-coli_52816029691_S17	64.0	0.125	1.0	32	2.0	8.0	0.125		1.0	0.03		0.5	0.25		0.03	64.0	8.0	64.0	0.25
786-PRJ1111-Escherischia-coli_52816035021_S18	64.0	0.06	1.0	32	1.0	8.0	0.125		1.0	0.03		0.5	0.125		0.03	64.0	8.0	64.0	0.25
789-PRJ1111-Escherischia-coli_52816036882_S21	64.0	0.125	1.0	32	2.0	8.0	0.25		1.0	0.03		0.5	0.25		0.03	64.0	8.0	2.0	0.25
790-PRJ1111-Escherischia-coli_52816036883_S22	64.0	0.125	1.0	64	2.0	8.0	0.125		1.0	0.03		0.5	0.25		0.03	128.0	8.0	64.0	0.25
791-PRJ1111-Escherischia-coli_52816036884_S23	64.0	0.125	2.0	64	2.0	8.0	0.25		1.0	0.015		0.5	0.25		0.03	64.0	8.0	64.0	0.25
799-PRJ1111-Escherischia-coli_52816061291_S31	64.0	0.06	1.0	32	2.0	8.0	0.125		1.0	0.015		0.5	0.125		0.03	64.0	8.0	64.0	0.25
802-PRJ1111-Escherischia-coli_52816062095_S34	64.0	0.06	2.0	32	4.0	8.0	0.125		1.0	0.015		0.5	0.25		0.03	4.0	8.0	0.5	0.25
865-PRJ1111-Escherischia-coli_36016040464_S46	64.0	0.125	1.0	32	4.0	8.0	0.125		1.0	0.03		1.0	0.125		0.03	64.0	8.0	64.0	0.25
801-PRJ1111-Escherischia-coli_52816061042_S33	64.0	4.0	16.0	4	0.5	8.0	0.015		1.0	0.015		1.0	0.125		0.03	4.0	16.0	2.0	0.25
804-PRJ1111-Escherischia-coli_52816062099_S36	64.0	0.06	2.0	32	4.0	8.0	0.015		1.0	0.015		0.5	0.25		0.03	4.0	8.0	2.0	0.25
805-PRJ1111-Escherischia-coli_52816062144_S37	64.0	0.125	8.0	64	4.0	8.0	0.015		1.0	0.06		0.5	0.25		0.03	4.0	16.0	2.0	0.25
806-PRJ1111-Escherischia-coli_36016019810_S28	64.0	0.125	4.0	64	4.0	8.0	0.015		1.0	0.03		0.5	0.25		0.03	4.0	8.0	64.0	0.25
824-PRJ1111-Escherischia-coli_36016033322_S5	64.0	0.125	2.0	64	4.0	8.0	0.03		1.0	0.03		0.5	0.25		0.03	4.0	8.0	2.0	0.25
862-PRJ1111-Escherischia-coli_36016063593_S43	64.0	0.125	2.0	32	4.0	8.0	0.015		1.0	0.015		0.5	0.25		0.03	4.0	8.0	2.0	0.25
784-PRJ1111-Escherischia-coli_52816029684_S16	64.0	8.0	32.0	16	2.0	8.0	0.03		1.0	0.03		0.5	0.25		0.03	4.0	1024.0	64.0	32.0
839-PRJ1111-Escherischia-coli_36016039413_S20	64.0	32.0	64.0	16	4.0	8.0	0.5		1.0	0.06		0.5	0.25		0.03	128.0	1024.0	64.0	32.0
770-PRJ1111-Escherischia-coli_52816010678_S2	64.0	4.0	32.0	4	2.0	8.0	0.015		1.0	0.015		0.5	0.125		0.03	4.0	8.0	2.0	0.25
771-PRJ1111-Escherischia-coli_52816012052_S3	64.0	2.0	8.0	8	16.0	8.0	0.5		1.0	0.03		0.5	0.25		0.03	8.0	8.0	2.0	0.25
772-PRJ1111-Escherischia-coli_52816021226_S4	64.0	2.0	8.0	4	8.0	32.0	0.125		1.0	0.015		32.0	0.25		0.03	8.0	1024.0	64.0	32.0
774-PRJ1111-Escherischia-coli_52816025596_S6	64.0	16.0	64.0	4	2.0	8.0	0.015		1.0	0.015		0.5	0.25		0.03	4.0	1024.0	2.0	32.0
775-PRJ1111-Escherischia-coli_52816025600_S7	64.0	0.5	4.0	8	16.0	64.0	0.5		1.0	0.015		0.5	0.25		0.03	128.0	1024.0	64.0	0.25
783-PRJ1111-Escherischia-coli_52816029686_S15	64.0	0.25	2.0	8	2.0	8.0	0.015		1.0	0.015		0.5	0.125		0.03	4.0	8.0	2.0	0.25
792-PRJ1111-Escherischia-coli_52816037235_S24	64.0	1.0	4.0	4	8.0	8.0	0.015		1.0	0.015		0.5	0.125		0.03	4.0	8.0	64.0	0.25
795-PRJ1111-Escherischia-coli_52816041453_S27	64.0	1.0	4.0	4	8.0	8.0	0.015		1.0	0.015		0.5	0.125		0.03	4.0	8.0	64.0	0.25
798-PRJ1111-Escherischia-coli_52816056853_S30	64.0	32.0	64.0	4	4.0	8.0	0.015		1.0	0.06		0.5	0.125		0.03	4.0	1024.0	2.0	32.0
803-PRJ1111-Escherischia-coli_52816062097_S35	64.0	4.0	32.0	2	1.0	8.0	0.015		1.0	0.015		0.5	0.25		0.03	4.0	1024.0	32.0	0.25
807-PRJ1111-Escherischia-coli_36016020676_S29	64.0	8.0	16.0	2	1.0	8.0	0.015		1.0	0.015		1.0	0.125		0.03	4.0	1024.0	64.0	32.0
808-PRJ1111-Escherischia-coli_36016020678_S30	64.0	8.0	16.0	2	1.0	8.0	0.015		1.0	0.015		1.0	0.25		0.03	4.0	1024.0	64.0	32.0
809-PRJ1111-Escherischia-coli_36016020939_S31	64.0	0.5	2.0	4	8.0	8.0	0.5		1.0	0.015		1.0	0.25		0.03	8.0	8.0	2.0	0.25
810-PRJ1111-Escherischia-coli_36016027194_S32	64.0	32.0	64.0	4	4.0	8.0	0.015		1.0	0.03		0.5	0.125		0.03	4.0	1024.0	2.0	32.0
811-PRJ1111-Escherischia-coli_36016027204_S33	64.0	0.5	2.0	8	16.0	32.0	0.25		1.0	0.015		0.5	0.25		0.03	128.0	1024.0	64.0	0.25
812-PRJ1111-Escherischia-coli_36016027227_S34	64.0	2.0	8.0	4	16.0	8.0	0.015		1.0	0.015		0.5	0.125		0.03	4.0	8.0	64.0	0.25
813-PRJ1111-Escherischia-coli_36016027238_S35	64.0	16.0	32.0	8	2.0	8.0	0.015		1.0	0.015		0.5	0.125		0.03	4.0	1024.0	2.0	32.0
814-PRJ1111-Escherischia-coli_36016027247_S36	64.0	1.0	4.0	4	16.0	8.0	0.015		1.0	0.015		0.5	0.125		0.03	4.0	8.0	64.0	0.25
815-PRJ1111-Escherischia-coli_36016027377_S37	64.0	4.0	32.0	4	1.0	8.0	0.015		1.0	0.015		1.0	0.25		0.03	4.0	1024.0	32.0	0.25
816-PRJ1111-Escherischia-coli_36016027457_S38	64.0	1.0	4.0	8	16.0	32.0	0.25		1.0	0.015		0.5	0.25		0.03	128.0	1024.0	64.0	0.25
817-PRJ1111-Escherischia-coli_36016027467_S39	64.0	1.0	8.0	4	8.0	8.0	0.015		1.0	0.015		0.5	0.125		0.03	4.0	8.0	64.0	0.25
818-PRJ1111-Escherischia-coli_36016028116_S40	64.0	8.0	32.0	8	2.0	8.0	0.015		1.0	0.015		0.5	0.25		0.03	4.0	1024.0	64.0	0.25
822-PRJ1111-Escherischia-coli_36016028944_S3	64.0	16.0	32.0	4	2.0	8.0	0.03		1.0	0.015		0.5	0.25		0.03	4.0	1024.0	64.0	0.5
825-PRJ1111-Escherischia-coli_36016033518_S6	64.0	32.0	64.0	4	4.0	8.0	0.015		2.0	0.03		0.5	0.25		0.03	4.0	1024.0	2.0	32.0
827-PRJ1111-Escherischia-coli_36016034011_S8	64.0	32.0	64.0	4	4.0	8.0	0.015		1.0	0.03		0.5	0.125		0.03	4.0	1024.0	2.0	32.0
828-PRJ1111-Escherischia-coli_36016034621_S9	64.0	16.0	32.0	8	2.0	8.0	0.015		1.0	0.015		0.5	0.25		0.03	4.0	1024.0	2.0	32.0
829-PRJ1111-Escherischia-coli_36016034623_S10	64.0	32.0	64.0	4	4.0	8.0	0.015		1.0	0.03		1.0	0.25		0.03	4.0	1024.0	2.0	32.0
831-PRJ1111-Escherischia-coli_36016034781_S12	64.0	16.0	32.0	4	1.0	8.0	0.015		1.0	0.015		0.5	0.25		0.03	4.0	1024.0	2.0	32.0
832-PRJ1111-Escherischia-coli_36016034782_S13	64.0	16.0	64.0	4	2.0	8.0	0.015		1.0	0.015		0.5	0.25		0.03	4.0	1024.0	2.0	32.0
833-PRJ1111-Escherischia-coli_36016038972_S14	64.0	32.0	64.0	4	2.0	8.0	0.015		1.0	0.015		0.5	0.125		0.03	4.0	1024.0	2.0	32.0
834-PRJ1111-Escherischia-coli_36016039247_S15	64.0	16.0	32.0	8	1.0	8.0	0.015		1.0	0.06		1.0	0.125		0.03	4.0	1024.0	2.0	32.0
835-PRJ1111-Escherischia-coli_36016039255_S16	64.0	32.0	64.0	4	4.0	8.0	0.015		1.0	0.03		0.5	0.125		0.03	4.0	1024.0	2.0	32.0
837-PRJ1111-Escherischia-coli_36016039314_S18	64.0	16.0	32.0	4	1.0	8.0	0.015		1.0	0.015		0.5	0.125		0.03	4.0	1024.0	2.0	32.0
838-PRJ1111-Escherischia-coli_36016039410_S19	64.0	4.0	16.0	4	1.0	8.0	0.015		1.0	0.015		0.5	0.125		0.03	4.0	1024.0	64.0	32.0
840-PRJ1111-Escherischia-coli_36016039582_S21	64.0	16.0	32.0	4	2.0	8.0	0.015		1.0	0.015		0.5	0.125		0.03	4.0	1024.0	2.0	32.0
841-PRJ1111-Escherischia-coli_36016040938_S22	64.0	8.0	16.0	8	1.0	8.0	0.03		1.0	0.015		1.0	0.25		0.03	4.0	1024.0	2.0	0.5
842-PRJ1111-Escherischia-coli_36016041103_S23	64.0	16.0	32.0	8	2.0	8.0	0.015		1.0	0.015		0.5	0.25		0.03	4.0	1024.0	64.0	0.25
843-PRJ1111-Escherischia-coli_36016041182_S24	64.0	4.0	16.0	4	2.0	8.0	1.0		1.0	0.015		0.5	0.25		0.03	128.0	1024.0	2.0	32.0
845-PRJ1111-Escherischia-coli_36016046789_S26	64.0	4.0	32.0	4	1.0	8.0	0.015		1.0	0.015		0.5	0.125		0.03	4.0	1024.0	32.0	0.25
846-PRJ1111-Escherischia-coli_36016046790_S27	64.0	0.5	4.0	8	16.0	32.0	0.25		1.0	0.015		0.5	0.25		0.03	64.0	1024.0	64.0	0.25
847-PRJ1111-Escherischia-coli_36016047574_S28	64.0	0.5	4.0	8	16.0	32.0	0.25		1.0	0.015		0.5	0.25		0.03	128.0	1024.0	64.0	0.25
848-PRJ1111-Escherischia-coli_36016047576_S29	64.0	1.0	2.0	8	4.0	8.0	0.5		1.0	0.015		1.0	0.125		0.03	128.0	1024.0	64.0	0.25
852-PRJ1111-Escherischia-coli_36016049134_S33	64.0	32.0	64.0	4	4.0	8.0	0.015		1.0	0.03		0.5	0.125		0.03	4.0	1024.0	2.0	32.0
853-PRJ1111-Escherischia-coli_36016049218_S34	64.0	32.0	64.0	4	4.0	8.0	0.015		1.0	0.03		1.0	0.125		0.03	4.0	1024.0	2.0	32.0
854-PRJ1111-Escherischia-coli_36016049438_S35	64.0	0.25	2.0	4	8.0	8.0	2.0		1.0	0.015		1.0	0.25		0.03	128.0	1024.0	2.0	32.0
856-PRJ1111-Escherischia-coli_36016057220_S37	64.0	4.0	16.0	4	1.0	8.0	0.015		1.0	0.015		0.5	0.125		0.03	4.0	1024.0	64.0	0.25
857-PRJ1111-Escherischia-coli_36016057230_S38	64.0	8.0	32.0	4	1.0	8.0	0.25		1.0	0.015		1.0	0.125		0.03	128.0	1024.0	64.0	0.25
864-PRJ1111-Escherischia-coli_36016064004_S45	64.0	0.5	4.0	4	4.0	8.0	0.015		1.0	0.015		0.5	0.125		0.03	4.0	8.0	64.0	0.25
M6374_S17				1000000				0.0			1000000.0	1000000.0		0.0				0.0
M6376_S1				1000000				1000000.0			1000000.0	0.0		0.0				0.0
M6427_S20				1000000				0.0			0.0	0.0		0.0				0.0
M6422_S13				0				0.0			0.0			0.0
M6348_S6				1000000				0.0			0.0	0.0		0.0				0.0
M6383_S6				1000000				1000000.0			1000000.0	0.0		0.0				0.0
M6388_S18				1000000				1000000.0			1000000.0	0.0		0.0				0.0
M6393_S5				1000000				0.0			0.0	0.0		0.0				1000000.0
M6395_S24				1000000				0.0			1000000.0	0.0		0.0				0.0
M4315_S8				1000000				0.0			0.0	0.0		0.0				1000000.0
M6389_S1				1000000				0.0			0.0	0.0		0.0				0.0
M6391_S3				1000000				1000000.0			1000000.0	0.0		0.0				0.0
M6392_S4				1000000				0.0			0.0	0.0		0.0				0.0
M6436_S6				1000000				1000000.0			1000000.0	0.0		5000000.0				1000000.0
M4057_S6				1000000				0.0			1000000.0	0.0		0.0				0.0
M4560_S8				1000000				0.0			1000000.0	0.0		0.0				0.0
M4764_S3				1000000				1000000.0			1000000.0	0.0		0.0				0.0
M5320_S3				1000000				1000000.0			1000000.0	0.0		0.0				0.0
M5321_S4				1000000				1000000.0			1000000.0	0.0		0.0				0.0
M5397_S7				1000000				1000000.0			0.0	1000000.0		1000000.0				1000000.0
M6349_S7				1000000				0.0			0.0	0.0		0.0				0.0
M6350_S8				1000000				1000000.0			1000000.0	0.0		0.0				1000000.0
M6351_S9				1000000				1000000.0			1000000.0	0.0		0.0				0.0
M6352_S10				1000000				0.0			0.0	0.0		0.0				0.0
M6353_S11				1000000				1000000.0			1000000.0	0.0		0.0				0.0
M6354_S12				1000000				0.0			0.0	0.0		0.0				0.0
M6355_S13				1000000				0.0			0.0	0.0		0.0				0.0
M6356_S14				1000000				0.0			0.0	0.0		0.0				0.0
M6357_S15				1000000				0.0			0.0	0.0		0.0				1000000.0
M6358_S16				1000000				0.0			0.0	0.0		0.0				0.0
M6359_S10				1000000				1000000.0			1000000.0	0.0		0.0				0.0
M6360_S11				1000000				1000000.0			1000000.0	1000000.0		0.0				0.0
M6361_S12				1000000				0.0			0.0	0.0		0.0				0.0
M6362_S13				1000000				0.0			0.0	1000000.0		0.0				0.0
M6363_S14				1000000				1000000.0			1000000.0	0.0		0.0				0.0
M6364_S15				1000000				0.0			1000000.0	0.0		0.0				0.0
M6365_S16				1000000				0.0			0.0	0.0		0.0				0.0
M6366_S17				1000000				0.0			0.0	0.0		0.0				0.0
M6367_S18				1000000				0.0			0.0	0.0		0.0				0.0
M6368_S19				1000000				0.0			1000000.0	0.0		0.0				0.0
M6369_S20				1000000				0.0			0.0	0.0		0.0				0.0
M6370_S21				1000000				0.0			0.0	1000000.0		0.0				1000000.0
M6371_S14				1000000				1000000.0			1000000.0	0.0		0.0				1000000.0
M6372_S15				1000000				0.0			0.0	0.0		0.0				0.0
M6373_S16				1000000				0.0			0.0	0.0		0.0				0.0
M6375_S18				1000000				1000000.0			1000000.0	0.0		0.0				1000000.0
M6377_S20				1000000				1000000.0			1000000.0	0.0		0.0				0.0
M6378_S21				1000000				0.0			0.0	1000000.0		0.0				1000000.0
M6379_S22				1000000				0.0			1000000.0	0.0		0.0				0.0
M6380_S23				1000000				0.0			0.0	1000000.0		0.0				0.0
M6381_S24				1000000				0.0			0.0	1000000.0		0.0				0.0
M6382_S12				1000000				1000000.0			1000000.0	0.0		0.0				1000000.0
M6384_S7				1000000				0.0			0.0	0.0		0.0				0.0
M6385_S8				1000000				0.0			0.0	0.0		0.0				0.0
M6386_S16				1000000				1000000.0			1000000.0	0.0		0.0				1000000.0
M6387_S9				1000000				0.0			0.0	0.0		0.0				0.0
M6390_S2				1000000				1000000.0			1000000.0	0.0		0.0				0.0
M6394_S6				1000000				1000000.0			1000000.0	0.0		0.0				1000000.0
M6396_S8				1000000				0.0			0.0	0.0		0.0				0.0
M6397_S9				1000000				1000000.0			1000000.0	0.0		0.0				0.0
M6398_S10				1000000				1000000.0			1000000.0	0.0		0.0				0.0
M6399_S11				1000000				0.0			0.0	0.0		0.0				0.0
M6400_S12				1000000				0.0			0.0	0.0		0.0				0.0
M6401_S13				1000000				0.0			0.0	1000000.0		0.0				0.0
M6402_S14				1000000				1000000.0			1000000.0	0.0		0.0				1000000.0
M6403_S15				1000000				0.0			0.0	0.0		0.0				0.0
M6404_S16				1000000				0.0			0.0	0.0		0.0				0.0
M6405_S17				1000000				0.0			0.0	0.0		0.0				0.0
M6406_S18				1000000				0.0			0.0	0.0		0.0				0.0
M6407_S19				1000000				0.0			0.0	0.0		0.0				0.0
M6408_S20				1000000				0.0			0.0	0.0		0.0				0.0
M6409_S21				1000000				0.0			0.0	0.0		0.0				0.0
M6410_S22				1000000				0.0			0.0	0.0		0.0				0.0
M6411_S15				1000000				0.0			0.0	1000000.0		0.0				0.0
M6412_S3				1000000				0.0			0.0	1000000.0		0.0				0.0
M6413_S16				1000000				1000000.0			1000000.0	1000000.0		0.0				0.0
M6414_S17				1000000				0.0			0.0	0.0		0.0				0.0
M6415_S6				1000000				1000000.0			1000000.0	0.0		0.0				0.0
M6416_S7				1000000				1000000.0			1000000.0	0.0		0.0				0.0
M6417_S18				1000000				0.0			0.0	0.0		0.0				0.0
M6418_S9				1000000				0.0			0.0	0.0		0.0				0.0
M6419_S10				1000000				1000000.0			1000000.0	0.0		0.0				1000000.0
M6420_S11				1000000				0.0			0.0	0.0		0.0				1000000.0
M6421_S19				1000000				1000000.0			1000000.0	0.0		0.0				0.0
M6423_S14				1000000				1000000.0			1000000.0	0.0		0.0				0.0
M6424_S15				1000000				0.0			0.0	0.0		0.0				0.0
M6425_S16				1000000				0.0			0.0	0.0		0.0				0.0
M6426_S17				1000000				0.0			0.0	0.0		0.0				0.0
M6428_S21				1000000				1000000.0			1000000.0	0.0		0.0				0.0
M6429_S22				1000000				1000000.0			1000000.0	0.0		0.0				0.0
M6430_S23				1000000				0.0			0.0	0.0		0.0				0.0
M6431_S1				1000000				1000000.0			1000000.0	1000000.0		0.0				0.0
M6432_S2				1000000				0.0			0.0	0.0		0.0				0.0
M6433_S3				1000000				0.0			0.0	0.0		0.0				0.0
M6434_S4				1000000				1000000.0			1000000.0	0.0		0.0				0.0
M6435_S5				1000000				0.0			0.0	0.0		0.0				0.0
M6437_S7				1000000				1000000.0			1000000.0	0.0		0.0				1000000.0
M6438_S8				1000000				0.0			0.0	0.0		0.0				0.0
M6439_S9				1000000				0.0			0.0	0.0		0.0				0.0
M6440_S10				1000000				0.0			0.0	0.0		0.0				0.0
